
                                                00000    00000
                                              0000000000                        00000
                                                                             00000

                                        0000000000
                                     0000000000


                                                                                      00000
                                 00000


                                                                                          00000
                             00000
                             00000                                                            00000

                                              00000     00000
                                            0000000000                                               00000
                          00000
                         00000
                                        00000                                                      00000
                                        00000                                                       00000
                                                            00000
                       00000                                                                        00000
                       00000                                                                         00000
                      00000
                                                                                                 00000
                                                                                                  00000
                                                                            00000
                                                        00000                    00000
                                                     00000                                            00000
                                                                                                   00000
                                                                              00000



                                                                              00000




                                                                              00000

                                               00000  00000
                                              00000                               00000
                    00000
                                                     00000
                                                      00000
                                                                            00000
                                        00000                                                         00000
                                                                                                 00000
                                                                          00000
                                                                                                 00000
                                       00000                                 00000
                                        00000                                                       00000
                                                00000                                               00000
                                                                     00000
                        00000                                                                      00000
                                          0000000000
                                             00000
                                              00000     00000
                                                                                            00000
                                                                                            00000







                                    00000
                                                                                 00000 00000
                                       0000000000
                                                                               00000
                                           00000
                                            00000 00000                           00000
                                               00000                         00000
                                                                      00000
                                                       00000         00000
